cam0:
  cam_overlaps: [1, 2, 3]
  camera_model: pinhole
  distortion_coeffs: [-0.09578817025115784, 0.19840444081019842, -0.001948461250544635,
    -0.0012043531517488089]
  distortion_model: radtan
  intrinsics: [553.2148976370404, 554.0929422601511, 322.8222742333233, 223.22946222542743]
  resolution: [640, 480]
  rostopic: /cam_1/image_raw
cam1:
  T_cn_cnm1:
  - [-0.9999614748731122, 0.008770591300728114, 0.000354256719611216, 0.0010447657508062822]
  - [-0.008765965860659551, -0.9998961490382116, 0.011438923947731565, -0.2026134006237696]
  - [0.0004545460565758299, 0.011435377859425012, 0.9999345106161164, 0.0074531960498805845]
  - [0.0, 0.0, 0.0, 1.0]
  cam_overlaps: [0, 2, 3]
  camera_model: pinhole
  distortion_coeffs: [-0.08484071890406863, 0.172347189680931, -0.00023581138472659883,
    0.0009612710961085597]
  distortion_model: radtan
  intrinsics: [550.0866016964603, 550.6206393004852, 327.22203463908363, 200.77930434294555]
  resolution: [640, 480]
  rostopic: /cam_2/image_raw
cam2:
  T_cn_cnm1:
  - [0.016958152994309417, 0.999241117777512, -0.03506578945017211, 0.10560591429530594]
  - [-0.9998540319066895, 0.016874645972529023, -0.002676042457118919, -0.03371816526849437]
  - [-0.0020822888733526973, 0.03510605170115284, 0.9993814232849226, 0.033374747961141434]
  - [0.0, 0.0, 0.0, 1.0]
  cam_overlaps: [0, 1, 3]
  camera_model: pinhole
  distortion_coeffs: [0.1070936214324018, -0.1728151728170045, -0.001263678310846857,
    -0.0045396064876205965]
  distortion_model: radtan
  intrinsics: [516.3344596219508, 513.9617518970339, 317.15683255368026, 241.22434288044573]
  resolution: [640, 480]
  rostopic: /cam_3/image_raw
cam3:
  T_cn_cnm1:
  - [-0.9999781351611582, -0.004991029972299566, 0.004338066323554598, 0.047443208942239114]
  - [0.005278797081499671, -0.997597664791163, 0.06907266828920447, -0.09960995523917526]
  - [0.003982901076389128, 0.06909405779829211, 0.997602199113445, -0.04855972536273411]
  - [0.0, 0.0, 0.0, 1.0]
  cam_overlaps: [0, 1, 2]
  camera_model: pinhole
  distortion_coeffs: [-0.055627132926529294, -0.06946277405379939, 0.0005055953978285148,
    -0.000352315298121933]
  distortion_model: radtan
  intrinsics: [2050.4503628091597, 2052.665677013887, 1031.9884266558472, 766.055072857947]
  resolution: [2080, 1552]
  rostopic: /cam_7/image_raw
