cam1:
  T_cn_cnm1:
  - [-0.9999614748731122, 0.008770591300728114, 0.000354256719611216, 0.0010447657508062822]
  - [-0.008765965860659551, -0.9998961490382116, 0.011438923947731565, -0.2026134006237696]
  - [0.0004545460565758299, 0.011435377859425012, 0.9999345106161164, 0.0074531960498805845]
  - [0.0, 0.0, 0.0, 1.0]
  cam_overlaps: [0, 2, 3]
  camera_model: pinhole
  distortion_coeffs: [-0.08484071890406863, 0.172347189680931, -0.00023581138472659883,
    0.0009612710961085597]
  distortion_model: radtan
  intrinsics: [550.0866016964603, 550.6206393004852, 327.22203463908363, 200.77930434294555]
  resolution: [640, 480]
  rostopic: /cam_2/image_raw
